saveMD5 = 747e9cbe07d1844bbde1ccb188831e1d
vesselCount = 3
UT = 1681818.4057870738
gameMode = CAREER
gameNull = False
gameCompatible = True
funds = 1359449.1013006191
science = 87
reputationPercent = 42
ongoingContracts = 2
saveMD5 = 747e9cbe07d1844bbde1ccb188831e1d
