saveMD5 = 7f71365a1c98fe890debaa684f0caf10
vesselCount = 3
UT = 1515508.4550508927
gameMode = CAREER
gameNull = False
gameCompatible = True
funds = 1166031.399547122
science = 10
reputationPercent = 39
ongoingContracts = 2
saveMD5 = 7f71365a1c98fe890debaa684f0caf10
