saveMD5 = 41d070da43029a5841174019e6700462
vesselCount = 3
UT = 1516575.5951052161
gameMode = CAREER
gameNull = False
gameCompatible = True
funds = 1170831.399547122
science = 10
reputationPercent = 39
ongoingContracts = 2
saveMD5 = 41d070da43029a5841174019e6700462
