saveMD5 = 85b14652b8140af745f3000230b5a048
vesselCount = 2
UT = 1533324.822945955
gameMode = CAREER
gameNull = False
gameCompatible = True
funds = 1146837.8790146331
science = 18
reputationPercent = 40
ongoingContracts = 3
saveMD5 = 85b14652b8140af745f3000230b5a048
