saveMD5 = 36f1cf80accbf0c36cad40abbad3c67c
vesselCount = 1
UT = 1442302.8857278447
gameMode = CAREER
gameNull = False
gameCompatible = True
funds = 479978.37379076279
science = 45
reputationPercent = 30
ongoingContracts = 2
saveMD5 = 36f1cf80accbf0c36cad40abbad3c67c
