saveMD5 = 9c17d4b65de9daedbaa26ecbf6c35b84
vesselCount = 3
UT = 1509189.8950529196
gameMode = CAREER
gameNull = False
gameCompatible = True
funds = 1044802.4234535913
science = 12
reputationPercent = 38
ongoingContracts = 4
saveMD5 = 9c17d4b65de9daedbaa26ecbf6c35b84
