saveMD5 = 9501b4e5ca6fbbfd2f9070e069121137
vesselCount = 2
UT = 1442323.7457278641
gameMode = CAREER
gameNull = False
gameCompatible = True
funds = 533026.36207201285
science = 45
reputationPercent = 30
ongoingContracts = 3
saveMD5 = 9501b4e5ca6fbbfd2f9070e069121137
