saveMD5 = 6bb0c18058c5ffae3da346bac4233840
vesselCount = 2
UT = 1441369.9323099523
gameMode = CAREER
gameNull = False
gameCompatible = True
funds = 117521.74013068478
science = 6
reputationPercent = 24
ongoingContracts = 2
saveMD5 = 6bb0c18058c5ffae3da346bac4233840
