saveMD5 = 757d8e8008f30fb1aa7f0094ca3d3fa2
vesselCount = 3
UT = 1515973.9646215453
gameMode = CAREER
gameNull = False
gameCompatible = True
funds = 1170831.399547122
science = 10
reputationPercent = 39
ongoingContracts = 2
saveMD5 = 757d8e8008f30fb1aa7f0094ca3d3fa2
