saveMD5 = 6920188d513093257fee1e7de787623e
vesselCount = 3
UT = 1513122.9789517336
gameMode = CAREER
gameNull = False
gameCompatible = True
funds = 1134606.399547122
science = 8
reputationPercent = 38
ongoingContracts = 2
saveMD5 = 6920188d513093257fee1e7de787623e
