saveMD5 = 473e99d7fd1988458f922e666f154f03
vesselCount = 3
UT = 1530456.4182328547
gameMode = CAREER
gameNull = False
gameCompatible = True
funds = 1142082.3064619522
science = 12
reputationPercent = 40
ongoingContracts = 2
saveMD5 = 473e99d7fd1988458f922e666f154f03
