saveMD5 = 464ed12b76c59fe4126bedb258015c9e
vesselCount = 1
UT = 1428911.7829885997
gameMode = CAREER
gameNull = False
gameCompatible = True
funds = 223947.44699417206
science = 1
reputationPercent = 23
ongoingContracts = 2
saveMD5 = 464ed12b76c59fe4126bedb258015c9e
