saveMD5 = 28cd95d73d52146c0d3037d1d7e70d5f
vesselCount = 4
UT = 1515728.9646213171
gameMode = CAREER
gameNull = False
gameCompatible = True
funds = 1166031.399547122
science = 10
reputationPercent = 39
ongoingContracts = 2
saveMD5 = 28cd95d73d52146c0d3037d1d7e70d5f
