saveMD5 = 460154f348abff3968edb149c7302b1b
vesselCount = 1
UT = 1429174.7596666934
gameMode = CAREER
gameNull = False
gameCompatible = True
funds = 237159.48904842339
science = 3
reputationPercent = 23
ongoingContracts = 1
saveMD5 = 460154f348abff3968edb149c7302b1b
