saveMD5 = 0225b89dd8fe9bbf58a5bb0e6bf0b3ce
vesselCount = 3
UT = 1543794.3310732893
gameMode = CAREER
gameNull = False
gameCompatible = True
funds = 1143657.4845410804
science = 12
reputationPercent = 40
ongoingContracts = 3
saveMD5 = 0225b89dd8fe9bbf58a5bb0e6bf0b3ce
