saveMD5 = 05ad71f6ed2b24ab48856b0c6216cd0e
vesselCount = 1
UT = 1429182.919666701
gameMode = CAREER
gameNull = False
gameCompatible = True
funds = 263342.82361509599
science = 3
reputationPercent = 23
ongoingContracts = 3
saveMD5 = 05ad71f6ed2b24ab48856b0c6216cd0e
