saveMD5 = 31d013aa1713f76024380f98b925be6d
vesselCount = 2
UT = 1508182.4183214635
gameMode = CAREER
gameNull = False
gameCompatible = True
funds = 1069114.4215004663
science = 12
reputationPercent = 38
ongoingContracts = 4
saveMD5 = 31d013aa1713f76024380f98b925be6d
