saveMD5 = 6536b4eb71147c0a61671799049209ea
vesselCount = 2
UT = 1529990.4675587676
gameMode = CAREER
gameNull = False
gameCompatible = True
funds = 237004.89941138463
science = 14
reputationPercent = 24
ongoingContracts = 5
saveMD5 = 6536b4eb71147c0a61671799049209ea
