saveMD5 = 3bdd5703cc25f5cdaa0734cc05a22428
vesselCount = 1
UT = 1500614.1884215977
gameMode = CAREER
gameNull = False
gameCompatible = True
funds = 1117746.5314553003
science = 278
reputationPercent = 38
ongoingContracts = 2
saveMD5 = 3bdd5703cc25f5cdaa0734cc05a22428
