saveMD5 = 561880e7fb9d0fdfd9b7c3ede3e3d878
vesselCount = 2
UT = 85393.42935652021
gameMode = CAREER
gameNull = False
gameCompatible = True
funds = 219245.77947538128
science = 51
reputationPercent = 11
ongoingContracts = 5
saveMD5 = 561880e7fb9d0fdfd9b7c3ede3e3d878
