saveMD5 = 055f1ce49f5628474bc6db38cae2700c
vesselCount = 3
UT = 1525210.3805415616
gameMode = CAREER
gameNull = False
gameCompatible = True
funds = 1145038.7454167823
science = 12
reputationPercent = 40
ongoingContracts = 2
saveMD5 = 055f1ce49f5628474bc6db38cae2700c
