saveMD5 = 7a237640c20f88f603c7df98e4f1051c
vesselCount = 1
UT = 1431654.6203756281
gameMode = CAREER
gameNull = False
gameCompatible = True
funds = 287067.96268942155
science = 24
reputationPercent = 26
ongoingContracts = 2
saveMD5 = 7a237640c20f88f603c7df98e4f1051c
