saveMD5 = 368cc5d4b8e152fd66d55e10395b6aa4
vesselCount = 0
UT = 2497.7949983201465
gameMode = CAREER
gameNull = False
gameCompatible = True
funds = 147263.58942768973
science = 65
reputationPercent = 6
ongoingContracts = 2
saveMD5 = 368cc5d4b8e152fd66d55e10395b6aa4
