saveMD5 = 13d1eb2ee92fc871b647462a4c176e98
vesselCount = 2
UT = 1442314.8057278558
gameMode = CAREER
gameNull = False
gameCompatible = True
funds = 533026.36207201285
science = 45
reputationPercent = 30
ongoingContracts = 3
saveMD5 = 13d1eb2ee92fc871b647462a4c176e98
