saveMD5 = 72bae91fde862a35b7f2670e54f7b939
vesselCount = 4
UT = 1675526.7845259837
gameMode = CAREER
gameNull = False
gameCompatible = True
funds = 1147882.8790146331
science = 18
reputationPercent = 40
ongoingContracts = 3
saveMD5 = 72bae91fde862a35b7f2670e54f7b939
