saveMD5 = 0fca25987b878ec4236a52cee4660935
vesselCount = 2
UT = 1670898.2359305152
gameMode = CAREER
gameNull = False
gameCompatible = True
funds = 1147882.8790146331
science = 18
reputationPercent = 40
ongoingContracts = 3
saveMD5 = 0fca25987b878ec4236a52cee4660935
