saveMD5 = 9d3eb85e3bcb6350a671c07ba2776595
vesselCount = 1
UT = 435.73180816649733
gameMode = CAREER
gameNull = False
gameCompatible = True
funds = 203793.99956623514
science = 17
reputationPercent = 3
ongoingContracts = 2
saveMD5 = 9d3eb85e3bcb6350a671c07ba2776595
